x = [0,6,6,0,0,6.5,6.5,0.5,0.5,6.5,6.5,0]
y = [0,0,6,6,10,10,9.5,9.5,6.5,6.5,-.5,-.5]
Final positions:
[ 39.        +63.j           7.29422863-30.95448267j
   2.59807621 -4.5j        -17.        -17.j
  -2.59807621 +1.5j         -8.29422863 +1.95448267j
   0.         +0.j           9.02627944 +2.68653348j
   2.59807621 +1.5j        -20.        +20.j
  -2.59807621 -4.5j        -10.02627944-33.68653348j]

Frequencies :
[ 0.          0.08333333  0.16666667  0.25        0.33333333  0.41666667
 -0.5        -0.41666667 -0.33333333 -0.25       -0.16666667 -0.08333333]

Link_Lengths :
[74.09453421137081, 31.802291880478762, 5.19615242270663, 24.041630560342615, 2.9999999999999987, 8.521398426833134, 0.0, 9.417599624888583, 2.9999999999999982, 28.284271247461902, 5.19615242270663, 35.1469602854258]
